A<-9
b<-10
A+b
